1.000032
7.068198
11.386206
11.507393
11.400527
11.855982
11.42526
11.400072
11.411249
11.434325
11.121366
11.10051
11.151888
11.147717
11.018861
10.887227
10.697472
10.832658
10.564554
10.768284
10.687764
10.648157
10.63422
10.507104
10.406999
10.343796
10.494539
10.400219
10.316015
10.395185
10.385129
10.397063
10.398323
10.466723
21.477438
10.253165
10.30164
10.261968
10.476888
10.338774
10.270271
10.274526
10.250586
10.345559
10.318547
10.292717
10.475574
10.301747
10.451621
10.352166
10.28103
24.0
10.19328
10.389684
10.250808
10.27566
10.402277
10.223076
10.237583
10.371305
10.37682
10.262424
10.26579
10.225734
10.375668
10.285613
10.280868
10.416606
24.0
10.153727
10.230696
10.292471
10.204524
10.532525
10.276518
10.27938
10.433441
10.326528
10.335024
10.373238
10.421832
10.287492
10.319537
10.425113
10.164461
10.288535
10.233804
10.217669
10.260042
10.345271
10.260947
10.278264
10.271363
10.246955
10.227551
10.29723
10.283214
10.344119
10.234325
10.219913
